58
61
69
78
88
95
97
121
125
126
131
133
138
151
155
157
166
172
173
175
176
177
178
181
190
195
228
230
236
237
238
246
319
348
467
501
509
558
571
663
716
811
839
999
1027
1058
1071
1073
1099
1100
1119
1124
1153
1247
1277
1307
1350
1474
1512
1517
1519
1699
1721
1729
1735
1740
1757
1761
1768
1831
1922
1965
1991
2064
2067
2079
2084
2168
2170
2262
2342
2370
2423
2523
2648
2712
2713
2785
2876
2877
3146
3182
3205
3323
3451
3461
3464
3467
3525
3566
3597
3623
3634
3654
3719
3958
4034
4041
4048
4097
4169
4176
4311
4420
4473
4546
4564
4572
4628
4761
4796
4905
4906
4908
4909
4925
4958
4987
5000
5112
5142
5265
5347
5422
5459
5491
5494
5556
5563
5633
5687
5735
5746
5752
5813
5846
5856
5902
5962
6153
6161
6172
6201
6224
6324
6328
6329
6333
6337
6346
6367
6529
6620
6690
6691
6723
6731
6762
6763
6895
6933
7126
7127
7153
7314
7407
7438
7462
7674
7694
7760
7795
7822
7869
7907
7913
8013
8023
8046
8085
8167
8410
8421
8544
8567
8604
8626
8708
8709
8724
8883
8889
9055
9056
9096
9101
9193
9216
9286
9443
9644
9710
9729
9732